16001 83 73 91  
16002 80 61 93  
16003 75 84 73  
16004 59 89 51  
16005 68 75 52  
16006 95 61 80  
16007 87 55 60  
16008 97 64 78  
16009 64 83 68  
16010 92 99 53  
16011 56 55 53  
16012 53 81 99  
16013 64 57 92  
16014 73 83 84  
16015 69 81 71  
16016 54 84 90  
16017 51 62 72  
16018 94 93 91  
16019 75 94 98  
16020 55 61 53  
16021 82 50 57  
16022 73 94 62  
16023 51 73 73  
16024 73 99 64  
16025 88 74 91  
16026 63 86 100  
16027 67 63 77  
16028 94 63 86  
16029 51 61 88  
16030 94 68 87  
16031 53 84 70  
16032 66 65 95  
16033 80 97 55  
16034 51 79 64  
16035 96 78 88  
16036 67 86 53  
16037 53 58 53  
16038 94 98 80  
16039 50 75 76  
16040 51 51 92  
16041 98 100 84  
16042 76 68 83  
16043 83 90 67  
16044 88 95 53  
16045 92 59 99  
16046 77 65 67  
16047 59 65 71  
16048 66 55 87  
16049 95 97 88  
16050 87 64 52  
16051 69 74 73  
16052 81 61 80  
16053 61 55 56  
16054 85 65 77  
16055 95 85 75  
16056 62 64 91  
16057 76 53 54  
16058 65 99 62  
16059 84 81 61  
16060 61 61 52  
16061 53 82 75  
16062 59 79 66  
16063 83 99 95  
16064 93 72 62  
16065 76 87 59  
16066 81 56 93  
16067 76 88 53  
16068 89 75 61  
16069 68 72 68  
16070 90 91 81  
16071 62 93 61  
16072 52 87 69  
16073 96 55 68  
16074 59 60 83  
16075 74 75 90  
16076 68 77 70  
16077 90 54 65  
16078 75 86 89  
16079 80 58 56  
16080 69 98 76  
16081 70 91 68  
16082 91 79 95  
16083 54 66 74  
16084 55 97 100  
16085 92 84 90  
16086 97 72 86  
16087 73 75 88  
16088 100 82 84  
16089 73 92 76  
16090 55 66 89  
16091 83 57 100  
16092 81 67 50  
16093 97 94 98  
16094 91 96 76  
16095 89 87 75  
16096 88 50 94  
16097 65 83 69  
16098 88 72 89  
16099 68 89 81  
16100 76 56 64  
16101 81 98 53  
16102 77 84 60  
16103 83 77 65  
16104 59 76 65  
16105 51 75 87  
16106 61 99 99  
16107 58 54 86  
16108 86 90 70  
16109 61 58 94  
16110 90 59 74  
16111 87 57 67  
16112 79 86 84  
16113 95 68 71  
16114 71 63 74  
16115 69 61 61  
16116 58 77 67  
16117 67 67 85  
16118 57 88 75  
16119 80 98 78  
16120 93 77 93  
16121 90 99 93  
16122 79 79 76  
16123 81 78 71  
16124 61 81 57  
16125 63 68 100  
16126 98 50 73  
16127 81 89 62  
16128 87 65 71  
16129 90 73 84  
16130 94 58 61  
16131 64 100 60  
16132 74 77 81  
16133 88 53 82  
16134 69 81 51  
16135 89 75 86  
16136 69 81 77  
16137 67 91 83  
16138 70 78 92  
16139 77 97 73  
16140 51 68 54  
16141 95 62 56  
16142 95 50 90  
16143 60 95 52  
16144 69 79 59  
16145 91 100 89  
16146 98 86 96  
16147 87 99 93  
16148 94 61 96  
16149 96 79 64  
16150 94 79 64  
16151 73 60 72  
16152 98 55 91  
16153 88 55 76  
16154 68 64 100  
16155 59 56 62  
16156 68 83 60  
16157 53 53 65  
16158 64 97 100  
16159 51 78 64  
16160 88 53 82  
16161 55 87 63  
16162 70 57 66  
16163 88 68 98  
16164 78 97 98  
16165 77 83 87  
16166 84 52 52  
16167 56 51 58  
16168 74 55 65  
16169 83 87 84  
16170 93 65 67  
16171 70 96 61  
16172 71 78 51  
16173 93 67 97  
16174 82 72 64  
16175 88 98 64  
16176 74 67 61  
16177 99 83 92  
16178 78 100 65  
16179 80 97 90  
16180 81 57 80  
16181 72 73 87  
16182 84 71 74  
16183 88 94 54  
16184 88 92 62  
16185 68 78 75  
16186 61 68 66  
16187 94 85 87  
16188 70 52 93  
16189 72 96 62  
16190 72 50 97  
16191 77 54 53  
16192 55 85 94  
16193 90 89 52  
16194 89 73 64  
16195 96 100 83  
16196 67 53 72  
16197 65 76 92  
16198 88 78 76  
16199 81 71 94  
16200 92 89 94  